0 0 1.0
0 1 0.18991523833090831
0 2 0.09458332006193518
0 3 0.44638491929848595
0 4 0.7801275991378747
0 5 1.9783308776969674e-06
0 6 1.2879788965984553e-06
0 7 5.5186233897571916e-08
0 8 1.4729084337353975e-08
0 9 0.0029684560514486244
0 10 1.4012638778511315e-05
0 11 0.00297733612181868
0 12 0.0007988446849671484
0 13 0.025647564437338666
0 14 8.541584913037172e-05
0 15 7.412173943566994e-05
0 16 2.579570817923008e-07
0 17 7.68757773169644e-06
0 18 0.6733685464846927
0 19 0.6476908815950314
0 20 1.4621538305780015e-06
0 21 0.013933321626905077
0 22 4.901948011274036e-06
0 23 0.002900884878550924
0 24 0.08627212157828235
0 25 0.24904348595095616
1 0 0.18991523833090831
1 1 1.0
1 2 0.41406648234245214
1 3 0.5927624909580537
1 4 0.5273599585114278
1 5 0.0039095775967575835
1 6 0.0015382712166560955
1 7 0.0001595037569258991
1 8 0.00013246771627178287
1 9 0.18334159804118746
1 10 0.009324960769742756
1 11 0.25284631248410594
1 12 0.13231629081520607
1 13 0.32197683243824576
1 14 0.02532412316618371
1 15 0.03864685020808071
1 16 0.0011230842048551863
1 17 0.009743882971403488
1 18 0.3026525448389795
1 19 0.4865307758662333
1 20 0.0035147682668945036
1 21 0.216561220575361
1 22 0.004050978659198668
1 23 0.1037056590799357
1 24 0.8158497666824409
1 25 0.5370850623632633
2 0 0.09458332006193518
2 1 0.41406648234245214
2 2 1.0
2 3 0.6597941105777789
2 4 0.2819670415184742
2 5 0.0004513686256356226
2 6 3.2286721060814114e-05
2 7 2.0783903634150594e-06
2 8 8.589173209034918e-06
2 9 0.3475471814335062
2 10 0.02199108797991362
2 11 0.03792335197373469
2 12 0.11162818226400059
2 13 0.01917499420896963
2 14 0.0010497744762039548
2 15 0.020719180969718524
2 16 0.0003315504688448333
2 17 0.005468448184330142
2 18 0.3896017212535551
2 19 0.4633563477726683
2 20 0.0008819869719871251
2 21 0.7458681897057622
2 22 0.01415636089545623
2 23 0.44807948713359474
2 24 0.6784639103748751
2 25 0.8803692994778182
3 0 0.44638491929848595
3 1 0.5927624909580537
3 2 0.6597941105777789
3 3 1.0
3 4 0.7881808617913877
3 5 0.00012116927913403019
3 6 2.384341539115202e-05
3 7 1.3719168721124146e-06
3 8 1.6949134723987529e-06
3 9 0.0927890151982121
3 10 0.0021136105530153372
3 11 0.03023132538306942
3 12 0.03003602066626465
3 13 0.049765297195606406
3 14 0.0009573785566765656
3 15 0.00445233476598087
3 16 4.183441545594431e-05
3 17 0.0008161082002712875
3 18 0.8363657674018604
3 19 0.9428143584609389
3 20 0.00015128461495926733
3 21 0.25461611705783244
3 22 0.0010364072979095653
3 23 0.09949869670413253
3 24 0.5546192289897566
3 25 0.919183996200368
4 0 0.7801275991378747
4 1 0.5273599585114278
4 2 0.2819670415184742
4 3 0.7881808617913877
4 4 1.0
4 5 4.902173827975872e-05
4 6 2.2890618760628255e-05
4 7 1.3281783287209294e-06
4 8 6.258565806161159e-07
4 9 0.024145696497642734
4 10 0.0002908301354150063
4 11 0.022317821738493875
4 12 0.008912952825848348
4 13 0.08520868512465091
4 14 0.0009358232921437033
4 15 0.0012420904583253394
4 16 9.358046869963674e-06
4 17 0.00018228558972103136
4 18 0.7913489455088557
4 19 0.9060527058162873
4 20 4.161002060921603e-05
4 21 0.06976448695587052
4 22 0.00011419476356907166
4 23 0.020413701107646377
4 24 0.3178261305780403
4 25 0.5472506871574653
5 0 1.9783308776969674e-06
5 1 0.0039095775967575835
5 2 0.0004513686256356226
5 3 0.00012116927913403019
5 4 4.902173827975872e-05
5 5 1.0
5 6 0.4087997241621452
5 7 0.2584897597785215
5 8 0.6604626927432676
5 9 0.023656100513687283
5 10 0.06919045971753679
5 11 0.22474986267603153
5 12 0.14923793914971165
5 13 0.016486356964510045
5 14 0.40433292425628214
5 15 0.41631782111930193
5 16 0.6911998669945411
5 17 0.48641763831696805
5 18 8.551097416610772e-06
5 19 3.98292756312723e-05
5 20 0.8331679840717378
5 21 0.0017987594223440185
5 22 0.03553328869329673
5 23 0.003284909467765597
5 24 0.0061109432928947065
5 25 0.00020850012355252154
6 0 1.2879788965984553e-06
6 1 0.0015382712166560955
6 2 3.2286721060814114e-05
6 3 2.384341539115202e-05
6 4 2.2890618760628255e-05
6 5 0.4087997241621452
6 6 1.0
6 7 0.8439263943242361
6 8 0.349228271279811
6 9 0.0012445741984775372
6 10 0.0017954942583712017
6 11 0.1358722761180482
6 12 0.014255974667402617
6 13 0.03685434575280737
6 14 0.6730550969285821
6 15 0.04912655404711587
6 16 0.09490170780168856
6 17 0.04566609897696039
6 18 1.8227957268142404e-06
6 19 1.0285136864974278e-05
6 20 0.15185375628348094
6 21 6.973819452518611e-05
6 22 0.0005977772142101446
6 23 8.570200974750029e-05
6 24 0.0010694654181919545
6 25 2.5319231465996e-05
7 0 5.5186233897571916e-08
7 1 0.0001595037569258991
7 2 2.0783903634150594e-06
7 3 1.3719168721124146e-06
7 4 1.3281783287209294e-06
7 5 0.2584897597785215
7 6 0.8439263943242361
7 7 1.0
7 8 0.3726433558825737
7 9 0.00016579238957476869
7 10 0.000413262678335236
7 11 0.036415976063587555
7 12 0.002967901175946214
7 13 0.007636390819743816
7 14 0.3384540595479082
7 15 0.015258744719154997
7 16 0.05825866643366261
7 17 0.017552500912440115
7 18 7.700546644828815e-08
7 19 5.323814046447066e-07
7 20 0.08348364243755305
7 21 5.66883583125655e-06
7 22 0.00013202993192493846
7 23 8.134314728834877e-06
7 24 0.00010845250505208029
7 25 1.4982272079180465e-06
8 0 1.4729084337353975e-08
8 1 0.00013246771627178287
8 2 8.589173209034918e-06
8 3 1.6949134723987529e-06
8 4 6.258565806161159e-07
8 5 0.6604626927432676
8 6 0.349228271279811
8 7 0.3726433558825737
8 8 1.0
8 9 0.0015461429370725666
8 10 0.012118600097825507
8 11 0.034478699044429434
8 12 0.018910872593371392
8 13 0.0014125394075548538
8 14 0.15442564265878753
8 15 0.09930358853045526
8 16 0.4965487640917773
8 17 0.16939158253760844
8 18 7.125080306202877e-08
8 19 4.5289940515991225e-07
8 20 0.4822768256518591
8 21 5.4132242802709426e-05
8 22 0.006130213050364591
8 23 0.00013386761174107508
8 24 0.000220287911902725
8 25 3.2388016768319824e-06
9 0 0.0029684560514486244
9 1 0.18334159804118746
9 2 0.3475471814335062
9 3 0.0927890151982121
9 4 0.024145696497642734
9 5 0.023656100513687283
9 6 0.0012445741984775372
9 7 0.00016579238957476869
9 8 0.0015461429370725666
9 9 1.0
9 10 0.412513834713205
9 11 0.16121565359851914
9 12 0.7342454567998749
9 13 0.018796388614567044
9 14 0.012906491461394939
9 15 0.3470290057411716
9 16 0.03090944769395608
9 17 0.18490326510137456
9 18 0.023008746834330195
9 19 0.04181263199961627
9 20 0.05177302013341345
9 21 0.6950736140147049
9 22 0.30869727661939955
9 23 0.7988741539028766
9 24 0.46037690553921
9 25 0.17814491903895757
10 0 1.4012638778511315e-05
10 1 0.009324960769742756
10 2 0.02199108797991362
10 3 0.0021136105530153372
10 4 0.0002908301354150063
10 5 0.06919045971753679
10 6 0.0017954942583712017
10 7 0.000413262678335236
10 8 0.012118600097825507
10 9 0.412513834713205
10 10 1.0
10 11 0.05047585716188983
10 12 0.5275806072680118
10 13 0.0012197694821218044
10 14 0.007751094233080386
10 15 0.5239847685509985
10 16 0.193626398520329
10 17 0.5372570476350982
10 18 0.0002455758458497307
10 19 0.0006102529129395438
10 20 0.20390507384702328
10 21 0.1185549943064883
10 22 0.9475192386486098
10 23 0.2611596053348065
10 24 0.041193057031231654
10 25 0.006236360627841316
11 0 0.00297733612181868
11 1 0.25284631248410594
11 2 0.03792335197373469
11 3 0.03023132538306942
11 4 0.022317821738493875
11 5 0.22474986267603153
11 6 0.1358722761180482
11 7 0.036415976063587555
11 8 0.034478699044429434
11 9 0.16121565359851914
11 10 0.05047585716188983
11 11 1.0
11 12 0.3848447961386358
11 13 0.42634145644877464
11 14 0.5182605291091757
11 15 0.3553820123702505
11 16 0.0771763067888814
11 17 0.17984209450288668
11 18 0.005978485294285853
11 19 0.01688948826639125
11 20 0.161722167282988
11 21 0.04647683928993062
11 22 0.021541794810482958
11 23 0.03908268561982244
11 24 0.2353072248620308
11 25 0.033541220426542805
12 0 0.0007988446849671484
12 1 0.13231629081520607
12 2 0.11162818226400059
12 3 0.03003602066626465
12 4 0.008912952825848348
12 5 0.14923793914971165
12 6 0.014255974667402617
12 7 0.002967901175946214
12 8 0.018910872593371392
12 9 0.7342454567998749
12 10 0.5275806072680118
12 11 0.3848447961386358
12 12 1.0
12 13 0.039626686014535964
12 14 0.07539518100569909
12 15 0.7856835983389453
12 16 0.1614895416478387
12 17 0.5231013704522745
12 18 0.005204919465988671
12 19 0.012389702224227745
12 20 0.2466694140473245
12 21 0.2708012442913965
12 22 0.35361971349330623
12 23 0.35437393968544495
12 24 0.2887443543918893
12 25 0.055724607932667945
13 0 0.025647564437338666
13 1 0.32197683243824576
13 2 0.01917499420896963
13 3 0.049765297195606406
13 4 0.08520868512465091
13 5 0.016486356964510045
13 6 0.03685434575280737
13 7 0.007636390819743816
13 8 0.0014125394075548538
13 9 0.018796388614567044
13 10 0.0012197694821218044
13 11 0.42634145644877464
13 12 0.039626686014535964
13 13 1.0
13 14 0.2199017887182423
13 15 0.023781675780724775
13 16 0.0020174596503417332
13 17 0.006826390809307333
13 18 0.017459953020719284
13 19 0.04308437779551805
13 20 0.00667424754417755
13 21 0.008829059868086575
13 22 0.00036220095520976217
13 23 0.003916103395563332
13 24 0.13933832802857832
13 25 0.032752790925256896
14 0 8.541584913037172e-05
14 1 0.02532412316618371
14 2 0.0010497744762039548
14 3 0.0009573785566765656
14 4 0.0009358232921437033
14 5 0.40433292425628214
14 6 0.6730550969285821
14 7 0.3384540595479082
14 8 0.15442564265878753
14 9 0.012906491461394939
14 10 0.007751094233080386
14 11 0.5182605291091757
14 12 0.07539518100569909
14 13 0.2199017887182423
14 14 1.0
14 15 0.1404694612086431
14 16 0.09450775347933876
14 17 0.09295708456612622
14 18 0.00011871271274507775
14 19 0.0004916605452423525
14 20 0.18138224973647557
14 21 0.0015428282769176646
14 22 0.002709093138969106
14 23 0.0014686495265650845
14 24 0.017703795903262768
14 25 0.0009565301403120528
15 0 7.412173943566994e-05
15 1 0.03864685020808071
15 2 0.020719180969718524
15 3 0.00445233476598087
15 4 0.0012420904583253394
15 5 0.41631782111930193
15 6 0.04912655404711587
15 7 0.015258744719154997
15 8 0.09930358853045526
15 9 0.3470290057411716
15 10 0.5239847685509985
15 11 0.3553820123702505
15 12 0.7856835983389453
15 13 0.023781675780724775
15 14 0.1404694612086431
15 15 1.0
15 16 0.4755889801409035
15 17 0.8857440371799779
15 18 0.0005208909925582572
15 19 0.00157294251511822
15 20 0.6180692840470173
15 21 0.0708142320078605
15 22 0.34586915228833365
15 23 0.1162616180051154
15 24 0.08776815062024745
15 25 0.008906765930454358
16 0 2.579570817923008e-07
16 1 0.0011230842048551863
16 2 0.0003315504688448333
16 3 4.183441545594431e-05
16 4 9.358046869963674e-06
16 5 0.6911998669945411
16 6 0.09490170780168856
16 7 0.05825866643366261
16 8 0.4965487640917773
16 9 0.03090944769395608
16 10 0.193626398520329
16 11 0.0771763067888814
16 12 0.1614895416478387
16 13 0.0020174596503417332
16 14 0.09450775347933876
16 15 0.4755889801409035
16 16 1.0
16 17 0.7239158997065381
16 18 2.3936011763840255e-06
16 19 1.0810607791170205e-05
16 20 0.938007632709337
16 21 0.0022665423595625202
16 22 0.13139629362501307
16 23 0.005880070094073773
16 24 0.0030375851622498145
16 25 0.00010188245516174495
17 0 7.68757773169644e-06
17 1 0.009743882971403488
17 2 0.005468448184330142
17 3 0.0008161082002712875
17 4 0.00018228558972103136
17 5 0.48641763831696805
17 6 0.04566609897696039
17 7 0.017552500912440115
17 8 0.16939158253760844
17 9 0.18490326510137456
17 10 0.5372570476350982
17 11 0.17984209450288668
17 12 0.5231013704522745
17 13 0.006826390809307333
17 14 0.09295708456612622
17 15 0.8857440371799779
17 16 0.7239158997065381
17 17 1.0
17 18 7.180012827580561e-05
17 19 0.0002450748544451457
17 20 0.7941766309399193
17 21 0.02683846131084202
17 22 0.38412719737644124
17 23 0.055875932833647085
17 24 0.0269242700658958
17 25 0.0019008214063543536
18 0 0.6733685464846927
18 1 0.3026525448389795
18 2 0.3896017212535551
18 3 0.8363657674018604
18 4 0.7913489455088557
18 5 8.551097416610772e-06
18 6 1.8227957268142404e-06
18 7 7.700546644828815e-08
18 8 7.125080306202877e-08
18 9 0.023008746834330195
18 10 0.0002455758458497307
18 11 0.005978485294285853
18 12 0.005204919465988671
18 13 0.017459953020719284
18 14 0.00011871271274507775
18 15 0.0005208909925582572
18 16 2.3936011763840255e-06
18 17 7.180012827580561e-05
18 18 1.0
18 19 0.9408967778438532
18 20 1.0406383954399999e-05
18 21 0.10154286065146274
18 22 0.00011443896547143298
18 23 0.030647073137760765
18 24 0.24240624448075213
18 25 0.6696800495710926
19 0 0.6476908815950314
19 1 0.4865307758662333
19 2 0.4633563477726683
19 3 0.9428143584609389
19 4 0.9060527058162873
19 5 3.98292756312723e-05
19 6 1.0285136864974278e-05
19 7 5.323814046447066e-07
19 8 4.5289940515991225e-07
19 9 0.04181263199961627
19 10 0.0006102529129395438
19 11 0.01688948826639125
19 12 0.012389702224227745
19 13 0.04308437779551805
19 14 0.0004916605452423525
19 15 0.00157294251511822
19 16 1.0810607791170205e-05
19 17 0.0002450748544451457
19 18 0.9408967778438532
19 19 1.0
19 20 4.420103349224871e-05
19 21 0.13748770055191697
19 22 0.0002760897225457787
19 23 0.04523497416106857
19 24 0.3808015176141107
19 25 0.7629146749560435
20 0 1.4621538305780015e-06
20 1 0.0035147682668945036
20 2 0.0008819869719871251
20 3 0.00015128461495926733
20 4 4.161002060921603e-05
20 5 0.8331679840717378
20 6 0.15185375628348094
20 7 0.08348364243755305
20 8 0.4822768256518591
20 9 0.05177302013341345
20 10 0.20390507384702328
20 11 0.161722167282988
20 12 0.2466694140473245
20 13 0.00667424754417755
20 14 0.18138224973647557
20 15 0.6180692840470173
20 16 0.938007632709337
20 17 0.7941766309399193
20 18 1.0406383954399999e-05
20 19 4.420103349224871e-05
20 20 1.0
20 21 0.004584559586839863
20 22 0.12723333293163797
20 23 0.009940765527537889
20 24 0.007892252521524212
20 25 0.00032259641391717026
21 0 0.013933321626905077
21 1 0.216561220575361
21 2 0.7458681897057622
21 3 0.25461611705783244
21 4 0.06976448695587052
21 5 0.0017987594223440185
21 6 6.973819452518611e-05
21 7 5.66883583125655e-06
21 8 5.4132242802709426e-05
21 9 0.6950736140147049
21 10 0.1185549943064883
21 11 0.04647683928993062
21 12 0.2708012442913965
21 13 0.008829059868086575
21 14 0.0015428282769176646
21 15 0.0708142320078605
21 16 0.0022665423595625202
21 17 0.02683846131084202
21 18 0.10154286065146274
21 19 0.13748770055191697
21 20 0.004584559586839863
21 21 1.0
21 22 0.09145421047468817
21 23 0.8819019304618815
21 24 0.5295715456291715
21 25 0.45193906563054737
22 0 4.901948011274036e-06
22 1 0.004050978659198668
22 2 0.01415636089545623
22 3 0.0010364072979095653
22 4 0.00011419476356907166
22 5 0.03553328869329673
22 6 0.0005977772142101446
22 7 0.00013202993192493846
22 8 0.006130213050364591
22 9 0.30869727661939955
22 10 0.9475192386486098
22 11 0.021541794810482958
22 12 0.35361971349330623
22 13 0.00036220095520976217
22 14 0.002709093138969106
22 15 0.34586915228833365
22 16 0.13139629362501307
22 17 0.38412719737644124
22 18 0.00011443896547143298
22 19 0.0002760897225457787
22 20 0.12723333293163797
22 21 0.09145421047468817
22 22 1.0
22 23 0.22656065584031332
22 24 0.022008656574325478
22 25 0.0034732100216371235
23 0 0.002900884878550924
23 1 0.1037056590799357
23 2 0.44807948713359474
23 3 0.09949869670413253
23 4 0.020413701107646377
23 5 0.003284909467765597
23 6 8.570200974750029e-05
23 7 8.134314728834877e-06
23 8 0.00013386761174107508
23 9 0.7988741539028766
23 10 0.2611596053348065
23 11 0.03908268561982244
23 12 0.35437393968544495
23 13 0.003916103395563332
23 14 0.0014686495265650845
23 15 0.1162616180051154
23 16 0.005880070094073773
23 17 0.055875932833647085
23 18 0.030647073137760765
23 19 0.04523497416106857
23 20 0.009940765527537889
23 21 0.8819019304618815
23 22 0.22656065584031332
23 23 1.0
23 24 0.3290527823806735
23 25 0.2127210070736819
24 0 0.08627212157828235
24 1 0.8158497666824409
24 2 0.6784639103748751
24 3 0.5546192289897566
24 4 0.3178261305780403
24 5 0.0061109432928947065
24 6 0.0010694654181919545
24 7 0.00010845250505208029
24 8 0.000220287911902725
24 9 0.46037690553921
24 10 0.041193057031231654
24 11 0.2353072248620308
24 12 0.2887443543918893
24 13 0.13933832802857832
24 14 0.017703795903262768
24 15 0.08776815062024745
24 16 0.0030375851622498145
24 17 0.0269242700658958
24 18 0.24240624448075213
24 19 0.3808015176141107
24 20 0.007892252521524212
24 21 0.5295715456291715
24 22 0.022008656574325478
24 23 0.3290527823806735
24 24 1.0
24 25 0.6503167250710622
25 0 0.24904348595095616
25 1 0.5370850623632633
25 2 0.8803692994778182
25 3 0.919183996200368
25 4 0.5472506871574653
25 5 0.00020850012355252154
25 6 2.5319231465996e-05
25 7 1.4982272079180465e-06
25 8 3.2388016768319824e-06
25 9 0.17814491903895757
25 10 0.006236360627841316
25 11 0.033541220426542805
25 12 0.055724607932667945
25 13 0.032752790925256896
25 14 0.0009565301403120528
25 15 0.008906765930454358
25 16 0.00010188245516174495
25 17 0.0019008214063543536
25 18 0.6696800495710926
25 19 0.7629146749560435
25 20 0.00032259641391717026
25 21 0.45193906563054737
25 22 0.0034732100216371235
25 23 0.2127210070736819
25 24 0.6503167250710622
25 25 1.0
